windows= [300, 600, 1800, 3600, 18000, 36000, 72000]
means= [[11.974374905889002, 15.553426094991073, 18.947918593120999, 19.643361419037422, 20.758432420399942, 21.552595224664071, 22.176569816749414], [0.87456346385980466, 1.3379407002254671, 2.5321966309312813, 3.4577400128693085, 5.0571806993206572, 5.6337531808090064, 5.9972912031100405], [5.2247856635886674, 7.4518627206734358, 11.323396398616097, 13.339356210261752, 16.163538375607651, 17.429407241541977, 18.259660028908147]]
stds= [[15.028319130223466, 15.586269411912644, 15.381883233706137, 15.197552854164487, 14.987375639186117, 14.81915187192264, 14.687016723144923], [2.1688542558487289, 2.6299830175581036, 3.3664026670914948, 3.5659130237092023, 3.6262314875794406, 3.8008812811976305, 3.8132223206362577], [10.817282133632737, 12.502886953809934, 14.205802188820643, 14.43512031751507, 14.417898590002741, 14.358838578880006, 14.124289041898647]]
